RepeatHMM	STRique	Tandem_Genotypes
13	26	19
14	27	19
15	20	19
15	22	20
16	27	20
16	25	20
17	21	20
17	21	20
18	22	20
18	24	20
18	30	20
18	19	21
18	21	21
18	23	21
19	20	21
19	21	21
19	24	21
19	18	21
19	20	22
19	22	22
19	17	22
19	23	22
19	28	22
19	20	23
19	23	23
19	20	24
20	21	24
20	18	24
20	29	24
20	25	25
20	23	25
20	19	25
20	18	25
20	23	27
20	23	19
20	20	19
20	18	19
20	20	20
20	19	20
20	25	20
21	22	20
21	21	20
21	18	20
22	22	22
23	21	22
25	19	22
33	24	22
42	24	22
42	21	22
43	11	22
46	17	23
47	20	23
47	16	24
47	23	24
48	23	25
48	22	25
48	17	26
48	20	NA
48	21	NA
49	20	NA
49	43	NA
49	0	NA
49	NA	NA
50	NA	NA
51	NA	NA
51	NA	NA
51	NA	NA
100	NA	NA